@
A%
100
100
100
100
100
100
100
100
100
100
100
100
100
100
100
100
100
100
@
S%
200
200
200
200
200
200
200
200
200
200
200
200
200
200
200
200
200
200
S%
200
200
200
200
200
200
200
200
200
200
200
200
200
200
200
200
200
200
S%
200
200
200
200
200
200
200
200
200
200
200
200
200
200
200
200
200
200
S%
200
200
200
200
200
200
200
200
200
200
200
200
200
200
200
200
200
200
@
T%
300
300
300
300
300
300
300
300
300
300
300
300
300
300
300
300
300
300
T%
300
300
300
300
300
300
300
300
300
300
300
300
300
300
300
300
300
300
T%
300
300
300
300
300
300
300
300
300
300
300
300
300
300
300
300
300
300
T%
300
300
300
300
300
300
300
300
300
300
300
300
300
300
300
300
300
300
@
C%
400
400
400
400
400
400
400
400
400
400
400
400
400
400
400
400
400
400
C%
400
400
400
400
400
400
400
400
400
400
400
400
400
400
400
400
400
400
C%
400
400
400
400
400
400
400
400
400
400
400
400
400
400
400
400
400
400
C%
400
400
400
400
400
400
400
400
400
400
400
400
400
400
400
400
400
400
@
